<?xml version="1.0" encoding="UTF-8"?>
<map version="1.0" tiledversion="2017.07.26" orientation="orthogonal" renderorder="right-down" width="240" height="30" tilewidth="16" tileheight="16" nextobjectid="1">
 <tileset firstgid="1" name="s" tilewidth="16" tileheight="16" spacing="2" margin="1" tilecount="1400" columns="50">
  <image source="s.png" width="899" height="504"/>
 </tileset>
 <tileset firstgid="1401" name="tileset_gutter" tilewidth="16" tileheight="16" spacing="2" margin="1" tilecount="924" columns="33">
  <image source="tileset_gutter.png" width="594" height="504"/>
 </tileset>
 <layer name="backround" width="240" height="30">
  <data encoding="csv">
2163,2163,2163,2163,2163,2163,2163,2163,2163,2163,2163,2163,2163,2163,2163,2163,2163,2163,2163,2163,2163,2163,2163,2163,2163,2163,2163,2163,2163,2163,2163,2163,2163,2163,2163,2163,2163,2163,2163,2163,2163,2163,2163,2163,2163,2163,2163,2163,2163,2163,2163,2163,2163,2163,2163,2163,2163,2163,2163,2163,2163,2163,2163,2163,2163,2163,2163,2163,2163,2163,2163,2163,2163,2163,2163,2163,2163,2163,2163,2163,2163,2163,2163,2163,2163,2163,2163,2163,2163,2163,2163,2163,2163,2163,2163,2163,2163,2163,2163,2163,2163,2163,2163,2163,2163,2163,2163,2163,2163,2163,2163,2163,2163,2163,2163,2163,2163,2163,2163,2163,2163,2163,2163,2163,2163,2163,2163,2163,2163,2163,2163,2163,2163,2163,2163,2163,2163,2163,2163,2163,2163,2163,2163,2163,2163,2163,2163,2163,2163,2163,2163,2163,2163,2163,2163,2163,2163,2163,2163,2163,2163,2163,2163,2163,2163,2163,2163,2163,2163,2163,2163,2163,2163,2163,2163,2163,2163,2163,2163,2163,2163,2163,2163,2163,2163,2163,2163,2163,2163,2163,2163,2163,2163,2163,2163,2163,2163,2163,2163,2163,2163,2163,2163,2163,2163,2163,2163,2163,2163,2163,2163,2163,2163,2163,2163,2163,2163,2163,2163,2163,2163,2163,2163,2163,2163,2163,2163,2163,2163,2163,2163,2163,2163,2163,2163,2163,2163,2163,2163,2163,
2163,2163,2163,2163,2163,2163,2163,2163,2163,2163,2163,2163,2163,2163,2163,2163,2163,2163,2163,2163,2163,2163,2163,2163,2163,2163,2163,2163,2163,2163,2163,2163,2163,2163,2163,2163,2163,2163,2163,2163,2163,2163,2163,2163,2163,2163,2163,2163,2163,2163,2163,2163,2163,2163,2163,2163,2163,2163,2163,2163,2163,2163,2163,2163,2163,2163,2163,2163,2163,2163,2163,2163,2163,2163,2163,2163,2163,2163,2163,2163,2163,2163,2163,2163,2163,2163,2163,2163,2163,2163,2163,2163,2163,2163,2163,2163,2163,2163,2163,2163,2163,2163,2163,2163,2163,2163,2163,2163,2163,2163,2163,2163,2163,2163,2163,2163,2163,2163,2163,2163,2163,2163,2163,2163,2163,2163,2163,2163,2163,2163,2163,2163,2163,2163,2163,2163,2163,2163,2163,2163,2163,2163,2163,2163,2163,2163,2163,2163,2163,2163,2163,2163,2163,2163,2163,2163,2163,2163,2163,2163,2163,2163,2163,2163,2163,2163,2163,2163,2163,2163,2163,2163,2163,2163,2163,2163,2163,2163,2163,2163,2163,2163,2163,2163,2163,2163,2163,2163,2163,2163,2163,2163,2163,2163,2163,2163,2163,2163,2163,2163,2163,2163,2163,2163,2163,2163,2163,2163,2163,2163,2163,2163,2163,2163,2163,2163,2163,2163,2163,2163,2163,2163,2163,2163,2163,2163,2163,2163,2163,2163,2163,2163,2163,2163,2163,2163,2163,2163,2163,2163,
2163,2163,2163,2163,2163,2163,2163,2163,2163,2163,2163,2163,2163,2163,2163,2163,2163,2163,2163,2163,2163,2163,2163,2163,2163,2163,2163,2163,2163,2163,2163,2163,2163,2163,2163,2163,2163,2163,2163,2163,2163,2163,2163,2163,2163,2163,2163,2163,2163,2163,2163,2163,2163,2163,2163,2163,2163,2163,2163,2163,2163,2163,2163,2163,2163,2163,2163,2163,2163,2163,2163,2163,2163,2163,2163,2163,2163,2163,2163,2163,2163,2163,2163,2163,2163,2163,2163,2163,2163,2163,2163,2163,2163,2163,2163,2163,2163,2163,2163,2163,2163,2163,2163,2163,2163,2163,2163,2163,2163,2163,2163,2163,2163,2163,2163,2163,2163,2163,2163,2163,2163,2163,2163,2163,2163,2163,2163,2163,2163,2163,2163,2163,2163,2163,2163,2163,2163,2163,2163,2163,2163,2163,2163,2163,2163,2163,2163,2163,2163,2163,2163,2163,2163,2163,2163,2163,2163,2163,2163,2163,2163,2163,2163,2163,2163,2163,2163,2163,2163,2163,2163,2163,2163,2163,2163,2163,2163,2163,2163,2163,2163,2163,2163,2163,2163,2163,2163,2163,2163,2163,2163,2163,2163,2163,2163,2163,2163,2163,2163,2163,2163,2163,2163,2163,2163,2163,2163,2163,2163,2163,2163,2163,2163,2163,2163,2163,2163,2163,2163,2163,2163,2163,2163,2163,2163,2163,2163,2163,2163,2163,2163,2163,2163,2163,2163,2163,2163,2163,2163,2163,
2163,2163,2163,2163,2163,2163,2163,2163,2163,2163,2163,2163,2163,2163,2163,2163,2163,2163,2163,2163,2163,2163,2163,2163,2163,2163,2163,2163,2163,2163,2163,2163,2163,2163,2163,2163,2163,2163,2163,2163,2163,2163,2163,2163,2163,2163,2163,2163,2163,2163,2163,2163,2163,2163,2163,2163,2163,2163,2163,2163,2163,2163,2163,2163,2163,2163,2163,2163,2163,2163,2163,2163,2163,2163,2163,2163,2163,2163,2163,2163,2163,2163,2163,2163,2163,2163,2163,2163,2163,2163,2163,2163,2163,2163,2163,2163,2163,2163,2163,2163,2163,2163,2163,2163,2163,2163,2163,2163,2163,2163,2163,2163,2163,2163,2163,2163,2163,2163,2163,2163,2163,2163,2163,2163,2163,2163,2163,2163,2163,2163,2163,2163,2163,2163,2163,2163,2163,2163,2163,2163,2163,2163,2163,2163,2163,2163,2163,2163,2163,2163,2163,2163,2163,2163,2163,2163,2163,2163,2163,2163,2163,2163,2163,2163,2163,2163,2163,2163,2163,2163,2163,2163,2163,2163,2163,2163,2163,2163,2163,2163,2163,2163,2163,2163,2163,2163,2163,2163,2163,2163,2163,2163,2163,2163,2163,2163,2163,2163,2163,2163,2163,2163,2163,2163,2163,2163,2163,2163,2163,2163,2163,2163,2163,2163,2163,2163,2163,2163,2163,2163,2163,2163,2163,2163,2163,2163,2163,2163,2163,2163,2163,2163,2163,2163,2163,2163,2163,2163,2163,2163,
2163,2163,2163,2163,2163,2163,2163,2163,2163,2163,2163,2163,2163,2163,2163,2163,2163,2163,2163,2163,2163,2163,2163,2163,2163,2163,2163,2163,2163,2163,2163,2163,2163,2163,2163,2163,2163,2163,2163,2163,2163,2163,2163,2163,2163,2163,2163,2163,2163,2163,2163,2163,2163,2163,2163,2163,2163,2163,2163,2163,2163,2163,2163,2163,2163,2163,2163,2163,2163,2163,2163,2163,2163,2163,2163,2163,2163,2163,2163,2163,2163,2163,2163,2163,2163,2163,2163,2163,2163,2163,2163,2163,2163,2163,2163,2163,2163,2163,2163,2163,2163,2163,2163,2163,2163,2163,2163,2163,2163,2163,2163,2163,2163,2163,2163,2163,2163,2163,2163,2163,2163,2163,2163,2163,2163,2163,2163,2163,2163,2163,2163,2163,2163,2163,2163,2163,2163,2163,2163,2163,2163,2163,2163,2163,2163,2163,2163,2163,2163,2163,2163,2163,2163,2163,2163,2163,2163,2163,2163,2163,2163,2163,2163,2163,2163,2163,2163,2163,2163,2163,2163,2163,2163,2163,2163,2163,2163,2163,2163,2163,2163,2163,2163,2163,2163,2163,2163,2163,2163,2163,2163,2163,2163,2163,2163,2163,2163,2163,2163,2163,2163,2163,2163,2163,2163,2163,2163,2163,2163,2163,2163,2163,2163,2163,2163,2163,2163,2163,2163,2163,2163,2163,2163,2163,2163,2163,2163,2163,2163,2163,2163,2163,2163,2163,2163,2163,2163,2163,2163,2163,
2163,2163,2163,2163,2163,2163,2163,2163,2163,2163,2163,2163,2163,2163,2163,2163,2163,2163,2163,2163,2163,2163,2163,2163,2163,2163,2163,2163,2163,2163,2163,2163,2163,2163,2163,2163,2163,2163,2163,2163,2163,2163,2163,2163,2163,2163,2163,2163,2163,2163,2163,2163,2163,2163,2163,2163,2163,2163,2163,2163,2163,2163,2163,2163,2163,2163,2163,2163,2163,2163,2163,2163,2163,2163,2163,2163,2163,2163,2163,2163,2163,2163,2163,2163,2163,2163,2163,2163,2163,2163,2163,2163,2163,2163,2163,2163,2163,2163,2163,2163,2163,2163,2163,2163,2163,2163,2163,2163,2163,2163,2163,2163,2163,2163,2163,2163,2163,2163,2163,2163,2163,2163,2163,2163,2163,2163,2163,2163,2163,2163,2163,2163,2163,2163,2163,2163,2163,2163,2163,2163,2163,2163,2163,2163,2163,2163,2163,2163,2163,2163,2163,2163,2163,2163,2163,2163,2163,2163,2163,2163,2163,2163,2163,2163,2163,2163,2163,2163,2163,2163,2163,2163,2163,2163,2163,2163,2163,2163,2163,2163,2163,2163,2163,2163,2163,2163,2163,2163,2163,2163,2163,2163,2163,2163,2163,2163,2163,2163,2163,2163,2163,2163,2163,2163,2163,2163,2163,2163,2163,2163,2163,2163,2163,2163,2163,2163,2163,2163,2163,2163,2163,2163,2163,2163,2163,2163,2163,2163,2163,2163,2163,2163,2163,2163,2163,2163,2163,2163,2163,2163,
2163,2163,2163,2163,2163,2163,2163,2163,2163,2163,2163,2163,2163,2163,2163,2163,2163,2163,2163,2163,2163,2163,2163,2163,2163,2163,2163,2163,2163,2163,2163,2163,2163,2163,2163,2163,2163,2163,2163,2163,2163,2163,2163,2163,2163,2163,2163,2163,2163,2163,2163,2163,2163,2163,2163,2163,2163,2163,2163,2163,2163,2163,2163,2163,2163,2163,2163,2163,2163,2163,2163,2163,2163,2163,2163,2163,2163,2163,2163,2163,2163,2163,2163,2163,2163,2163,2163,2163,2163,2163,2163,2163,2163,2163,2163,2163,2163,2163,2163,2163,2163,2163,2163,2163,2163,2163,2163,2163,2163,2163,2163,2163,2163,2163,2163,2163,2163,2163,2163,2163,2163,2163,2163,2163,2163,2163,2163,2163,2163,2163,2163,2163,2163,2163,2163,2163,2163,2163,2163,2163,2163,2163,2163,2163,2163,2163,2163,2163,2163,2163,2163,2163,2163,2163,2163,2163,2163,2163,2163,2163,2163,2163,2163,2163,2163,2163,2163,2163,2163,2163,2163,2163,2163,2163,2163,2163,2163,2163,2163,2163,2163,2163,2163,2163,2163,2163,2163,2163,2163,2163,2163,2163,2163,2163,2163,2163,2163,2163,2163,2163,2163,2163,2163,2163,2163,2163,2163,2163,2163,2163,2163,2163,2163,2163,2163,2163,2163,2163,2163,2163,2163,2163,2163,2163,2163,2163,2163,2163,2163,2163,2163,2163,2163,2163,2163,2163,2163,2163,2163,2163,
2163,2163,2163,2163,2163,2163,2163,2163,2163,2163,2163,2163,2163,2163,2163,2163,2163,2163,2163,2163,2163,2163,2163,2163,2163,2163,2163,2163,2163,2163,2163,2163,2163,2163,2163,2163,2163,2163,2163,2163,2163,2163,2163,2163,2163,2163,2163,2163,2163,2163,2163,2163,2163,2163,2163,2163,2163,2163,2163,2163,2163,2163,2163,2163,2163,2163,2163,2163,2163,2163,2163,2163,2163,2163,2163,2163,2163,2163,2163,2163,2163,2163,2163,2163,2163,2163,2163,2163,2163,2163,2163,2163,2163,2163,2163,2163,2163,2163,2163,2163,2163,2163,2163,2163,2163,2163,2163,2163,2163,2163,2163,2163,2163,2163,2163,2163,2163,2163,2163,2163,2163,2163,2163,2163,2163,2163,2163,2163,2163,2163,2163,2163,2163,2163,2163,2163,2163,2163,2163,2163,2163,2163,2163,2163,2163,2163,2163,2163,2163,2163,2163,2163,2163,2163,2163,2163,2163,2163,2163,2163,2163,2163,2163,2163,2163,2163,2163,2163,2163,2163,2163,2163,2163,2163,2163,2163,2163,2163,2163,2163,2163,2163,2163,2163,2163,2163,2163,2163,2163,2163,2163,2163,2163,2163,2163,2163,2163,2163,2163,2163,2163,2163,2163,2163,2163,2163,2163,2163,2163,2163,2163,2163,2163,2163,2163,2163,2163,2163,2163,2163,2163,2163,2163,2163,2163,2163,2163,2163,2163,2163,2163,2163,2163,2163,2163,2163,2163,2163,2163,2163,
2163,2163,2163,2163,2163,2163,2163,2163,2163,2163,2163,2163,2163,2163,2163,2163,2163,2163,2163,2163,2163,2163,2163,2163,2163,2163,2163,2163,2163,2163,2163,2163,2163,2163,2163,2163,2163,2163,2163,2163,2163,2163,2163,2163,2163,2163,2163,2163,2163,2163,2163,2163,2163,2163,2163,2163,2163,2163,2163,2163,2163,2163,2163,2163,2163,2163,2163,2163,2163,2163,2163,2163,2163,2163,2163,2163,2163,2163,2163,2163,2163,2163,2163,2163,2163,2163,2163,2163,2163,2163,2163,2163,2163,2163,2163,2163,2163,2163,2163,2163,2163,2163,2163,2163,2163,2163,2163,2163,2163,2163,2163,2163,2163,2163,2163,2163,2163,2163,2163,2163,2163,2163,2163,2163,2163,2163,2163,2163,2163,2163,2163,2163,2163,2163,2163,2163,2163,2163,2163,2163,2163,2163,2163,2163,2163,2163,2163,2163,2163,2163,2163,2163,2163,2163,2163,2163,2163,2163,2163,2163,2163,2163,2163,2163,2163,2163,2163,2163,2163,2163,2163,2163,2163,2163,2163,2163,2163,2163,2163,2163,2163,2163,2163,2163,2163,2163,2163,2163,2163,2163,2163,2163,2163,2163,2163,2163,2163,2163,2163,2163,2163,2163,2163,2163,2163,2163,2163,2163,2163,2163,2163,2163,2163,2163,2163,2163,2163,2163,2163,2163,2163,2163,2163,2163,2163,2163,2163,2163,2163,2163,2163,2163,2163,2163,2163,2163,2163,2163,2163,2163,
2163,2163,2163,2163,2163,2163,2163,2163,2163,2163,2163,2163,2163,2163,2163,2163,2163,2163,2163,2163,2163,2163,2163,2163,2163,2163,2163,2163,2163,2163,2163,2163,2163,2163,2163,2163,2163,2163,2163,2163,2163,2163,2163,2163,2163,2163,2163,2163,2163,2163,2163,2163,2163,2163,2163,2163,2163,2163,2163,2163,2163,2163,2163,2163,2163,2163,2163,2163,2163,2163,2163,2163,2163,2163,2163,2163,2163,2163,2163,2163,2163,2163,2163,2163,2163,2163,2163,2163,2163,2163,2163,2163,2163,2163,2163,2163,2163,2163,2163,2163,2163,2163,2163,2163,2163,2163,2163,2163,2163,2163,2163,2163,2163,2163,2163,2163,2163,2163,2163,2163,2163,2163,2163,2163,2163,2163,2163,2163,2163,2163,2163,2163,2163,2163,2163,2163,2163,2163,2163,2163,2163,2163,2163,2163,2163,2163,2163,2163,2163,2163,2163,2163,2163,2163,2163,2163,2163,2163,2163,2163,2163,2163,2163,2163,2163,2163,2163,2163,2163,2163,2163,2163,2163,2163,2163,2163,2163,2163,2163,2163,2163,2163,2163,2163,2163,2163,2163,2163,2163,2163,2163,2163,2163,2163,2163,2163,2163,2163,2163,2163,2163,2163,2163,2163,2163,2163,2163,2163,2163,2163,2163,2163,2163,2163,2163,2163,2163,2163,2163,2163,2163,2163,2163,2163,2163,2163,2163,2163,2163,2163,2163,2163,2163,2163,2163,2163,2163,2163,2163,2163,
2163,2163,2163,2163,2163,2163,2163,2163,2163,2163,2163,2163,2163,2163,2163,2163,2163,2163,2163,2163,2163,2163,2163,2163,2163,2163,2163,2163,2163,2163,2163,2163,2163,2163,2163,2163,2163,2163,2163,2163,2163,2163,2163,2163,2163,2163,2163,2163,2163,2163,2163,2163,2163,2163,2163,2163,2163,2163,2163,2163,2163,2163,2163,2163,2163,2163,2163,2163,2163,2163,2163,2163,2163,2163,2163,2163,2163,2163,2163,2163,2163,2163,2163,2163,2163,2163,2163,2163,2163,2163,2163,2163,2163,2163,2163,2163,2163,2163,2163,2163,2163,2163,2163,2163,2163,2163,2163,2163,2163,2163,2163,2163,2163,2163,2163,2163,2163,2163,2163,2163,2163,2163,2163,2163,2163,2163,2163,2163,2163,2163,2163,2163,2163,2163,2163,2163,2163,2163,2163,2163,2163,2163,2163,2163,2163,2163,2163,2163,2163,2163,2163,2163,2163,2163,2163,2163,2163,2163,2163,2163,2163,2163,2163,2163,2163,2163,2163,2163,2163,2163,2163,2163,2163,2163,2163,2163,2163,2163,2163,2163,2163,2163,2163,2163,2163,2163,2163,2163,2163,2163,2163,2163,2163,2163,2163,2163,2163,2163,2163,2163,2163,2163,2163,2163,2163,2163,2163,2163,2163,2163,2163,2163,2163,2163,2163,2163,2163,2163,2163,2163,2163,2163,2163,2163,2163,2163,2163,2163,2163,2163,2163,2163,2163,2163,2163,2163,2163,2163,2163,2163,
2163,2163,2163,2163,2163,2163,2163,2163,2163,2163,2163,2163,2163,2163,2163,2163,2163,2163,2163,2163,2163,2163,2163,2163,2163,2163,2163,2163,2163,2163,2163,2163,2163,2163,2163,2163,2163,2163,2163,2163,2163,2163,2163,2163,2163,2163,2163,2163,2163,2163,2163,2163,2163,2163,2163,2163,2163,2163,2163,2163,2163,2163,2163,2163,2163,2163,2163,2163,2163,2163,2163,2163,2163,2163,2163,2163,2163,2163,2163,2163,2163,2163,2163,2163,2163,2163,2163,2163,2163,2163,2163,2163,2163,2163,2163,2163,2163,2163,2163,2163,2163,2163,2163,2163,2163,2163,2163,2163,2163,2163,2163,2163,2163,2163,2163,2163,2163,2163,2163,2163,2163,2163,2163,2163,2163,2163,2163,2163,2163,2163,2163,2163,2163,2163,2163,2163,2163,2163,2163,2163,2163,2163,2163,2163,2163,2163,2163,2163,2163,2163,2163,2163,2163,2163,2163,2163,2163,2163,2163,2163,2163,2163,2163,2163,2163,2163,2163,2163,2163,2163,2163,2163,2163,2163,2163,2163,2163,2163,2163,2163,2163,2163,2163,2163,2163,2163,2163,2163,2163,2163,2163,2163,2163,2163,2163,2163,2163,2163,2163,2163,2163,2163,2163,2163,2163,2163,2163,2163,2163,2163,2163,2163,2163,2163,2163,2163,2163,2163,2163,2163,2163,2163,2163,2163,2163,2163,2163,2163,2163,2163,2163,2163,2163,2163,2163,2163,2163,2163,2163,2163,
2163,2163,2163,2163,2163,2163,2163,2163,2163,2163,2163,2163,2163,2163,2163,2163,2163,2163,2163,2163,2163,2163,2163,2163,2163,2163,2163,2163,2163,2163,2163,2163,2163,2163,2163,2163,2163,2163,2163,2163,2163,2163,2163,2163,2163,2163,2163,2163,2163,2163,2163,2163,2163,2163,2163,2163,2163,2163,2163,2163,2163,2163,2163,2163,2163,2163,2163,2163,2163,2163,2163,2163,2163,2163,2163,2163,2163,2163,2163,2163,2163,2163,2163,2163,2163,2163,2163,2163,2163,2163,2163,2163,2163,2163,2163,2163,2163,2163,2163,2163,2163,2163,2163,2163,2163,2163,2163,2163,2163,2163,2163,2163,2163,2163,2163,2163,2163,2163,2163,2163,2163,2163,2163,2163,2163,2163,2163,2163,2163,2163,2163,2163,2163,2163,2163,2163,2163,2163,2163,2163,2163,2163,2163,2163,2163,2163,2163,2163,2163,2163,2163,2163,2163,2163,2163,2163,2163,2163,2163,2163,2163,2163,2163,2163,2163,2163,2163,2163,2163,2163,2163,2163,2163,2163,2163,2163,2163,2163,2163,2163,2163,2163,2163,2163,2163,2163,2163,2163,2163,2163,2163,2163,2163,2163,2163,2163,2163,2163,2163,2163,2163,2163,2163,2163,2163,2163,2163,2163,2163,2163,2163,2163,2163,2163,2163,2163,2163,2163,2163,2163,2163,2163,2163,2163,2163,2163,2163,2163,2163,2163,2163,2163,2163,2163,2163,2163,2163,2163,2163,2163,
2163,2163,2163,2163,2163,2163,2163,2163,2163,2163,2163,2163,2163,2163,2163,2163,2163,2163,2163,2163,2163,2163,2163,2163,2163,2163,2163,2163,2163,2163,2163,2163,2163,2163,2163,2163,2163,2163,2163,2163,2163,2163,2163,2163,2163,2163,2163,2163,2163,2163,2163,2163,2163,2163,2163,2163,2163,2163,2163,2163,2163,2163,2163,2163,2163,2163,2163,2163,2163,2163,2163,2163,2163,2163,2163,2163,2163,2163,2163,2163,2163,2163,2163,2163,2163,2163,2163,2163,2163,2163,2163,2163,2163,2163,2163,2163,2163,2163,2163,2163,2163,2163,2163,2163,2163,2163,2163,2163,2163,2163,2163,2163,2163,2163,2163,2163,2163,2163,2163,2163,2163,2163,2163,2163,2163,2163,2163,2163,2163,2163,2163,2163,2163,2163,2163,2163,2163,2163,2163,2163,2163,2163,2163,2163,2163,2163,2163,2163,2163,2163,2163,2163,2163,2163,2163,2163,2163,2163,2163,2163,2163,2163,2163,2163,2163,2163,2163,2163,2163,2163,2163,2163,2163,2163,2163,2163,2163,2163,2163,2163,2163,2163,2163,2163,2163,2163,2163,2163,2163,2163,2163,2163,2163,2163,2163,2163,2163,2163,2163,2163,2163,2163,2163,2163,2163,2163,2163,2163,2163,2163,2163,2163,2163,2163,2163,2163,2163,2163,2163,2163,2163,2163,2163,2163,2163,2163,2163,2163,2163,2163,2163,2163,2163,2163,2163,2163,2163,2163,2163,2163,
2163,2163,2163,2163,2163,2163,2163,2163,2163,2163,2163,2163,2163,2163,2163,2163,2163,2163,2163,2163,2163,2163,2163,2163,2163,2163,2163,2163,2163,2163,2163,2163,2163,2163,2163,2163,2163,2163,2163,2163,2163,2163,2163,2163,2163,2163,2163,2163,2163,2163,2163,2163,2163,2163,2163,2163,2163,2163,2163,2163,2163,2163,2163,2163,2163,2163,2163,2163,2163,2163,2163,2163,2163,2163,2163,2163,2163,2163,2163,2163,2163,2163,2163,2163,2163,2163,2163,2163,2163,2163,2163,2163,2163,2163,2163,2163,2163,2163,2163,2163,2163,2163,2163,2163,2163,2163,2163,2163,2163,2163,2163,2163,2163,2163,2163,2163,2163,2163,2163,2163,2163,2163,2163,2163,2163,2163,2163,2163,2163,2163,2163,2163,2163,2163,2163,2163,2163,2163,2163,2163,2163,2163,2163,2163,2163,2163,2163,2163,2163,2163,2163,2163,2163,2163,2163,2163,2163,2163,2163,2163,2163,2163,2163,2163,2163,2163,2163,2163,2163,2163,2163,2163,2163,2163,2163,2163,2163,2163,2163,2163,2163,2163,2163,2163,2163,2163,2163,2163,2163,2163,2163,2163,2163,2163,2163,2163,2163,2163,2163,2163,2163,2163,2163,2163,2163,2163,2163,2163,2163,2163,2163,2163,2163,2163,2163,2163,2163,2163,2163,2163,2163,2163,2163,2163,2163,2163,2163,2163,2163,2163,2163,2163,2163,2163,2163,2163,2163,2163,2163,2163,
2163,2163,2163,2163,2163,2163,2163,2163,2163,2163,2163,2163,2163,2163,2163,2163,2163,2163,2163,2163,2163,2163,2163,2163,2163,2163,2163,2163,2163,2163,2163,2163,2163,2163,2163,2163,2163,2163,2163,2163,2163,2163,2163,2163,2163,2163,2163,2163,2163,2163,2163,2163,2163,2163,2163,2163,2163,2163,2163,2163,2163,2163,2163,2163,2163,2163,2163,2163,2163,2163,2163,2163,2163,2163,2163,2163,2163,2163,2163,2163,2163,2163,2163,2163,2163,2163,2163,2163,2163,2163,2163,2163,2163,2163,2163,2163,2163,2163,2163,2163,2163,2163,2163,2163,2163,2163,2163,2163,2163,2163,2163,2163,2163,2163,2163,2163,2163,2163,2163,2163,2163,2163,2163,2163,2163,2163,2163,2163,2163,2163,2163,2163,2163,2163,2163,2163,2163,2163,2163,2163,2163,2163,2163,2163,2163,2163,2163,2163,2163,2163,2163,2163,2163,2163,2163,2163,2163,2163,2163,2163,2163,2163,2163,2163,2163,2163,2163,2163,2163,2163,2163,2163,2163,2163,2163,2163,2163,2163,2163,2163,2163,2163,2163,2163,2163,2163,2163,2163,2163,2163,2163,2163,2163,2163,2163,2163,2163,2163,2163,2163,2163,2163,2163,2163,2163,2163,2163,2163,2163,2163,2163,2163,2163,2163,2163,2163,2163,2163,2163,2163,2163,2163,2163,2163,2163,2163,2163,2163,2163,2163,2163,2163,2163,2163,2163,2163,2163,2163,2163,2163,
2163,2163,2163,2163,2163,2163,2163,2163,2163,2163,2163,2163,2163,2163,2163,2163,2163,2163,2163,2163,2163,2163,2163,2163,2163,2163,2163,2163,2163,2163,2163,2163,2163,2163,2163,2163,2163,2163,2163,2163,2163,2163,2163,2163,2163,2163,2163,2163,2163,2163,2163,2163,2163,2163,2163,2163,2163,2163,2163,2163,2163,2163,2163,2163,2163,2163,2163,2163,2163,2163,2163,2163,2163,2163,2163,2163,2163,2163,2163,2163,2163,2163,2163,2163,2163,2163,2163,2163,2163,2163,2163,2163,2163,2163,2163,2163,2163,2163,2163,2163,2163,2163,2163,2163,2163,2163,2163,2163,2163,2163,2163,2163,2163,2163,2163,2163,2163,2163,2163,2163,2163,2163,2163,2163,2163,2163,2163,2163,2163,2163,2163,2163,2163,2163,2163,2163,2163,2163,2163,2163,2163,2163,2163,2163,2163,2163,2163,2163,2163,2163,2163,2163,2163,2163,2163,2163,2163,2163,2163,2163,2163,2163,2163,2163,2163,2163,2163,2163,2163,2163,2163,2163,2163,2163,2163,2163,2163,2163,2163,2163,2163,2163,2163,2163,2163,2163,2163,2163,2163,2163,2163,2163,2163,2163,2163,2163,2163,2163,2163,2163,2163,2163,2163,2163,2163,2163,2163,2163,2163,2163,2163,2163,2163,2163,2163,2163,2163,2163,2163,2163,2163,2163,2163,2163,2163,2163,2163,2163,2163,2163,2163,2163,2163,2163,2163,2163,2163,2163,2163,2163,
2163,2163,2163,2163,2163,2163,2163,2163,2163,2163,2163,2163,2163,2163,2163,2163,2163,2163,2163,2163,2163,2163,2163,2163,2163,2163,2163,2163,2163,2163,2163,2163,2163,2163,2163,2163,2163,2163,2163,2163,2163,2163,2163,2163,2163,2163,2163,2163,2163,2163,2163,2163,2163,2163,2163,2163,2163,2163,2163,2163,2163,2163,2163,2163,2163,2163,2163,2163,2163,2163,2163,2163,2163,2163,2163,2163,2163,2163,2163,2163,2163,2163,2163,2163,2163,2163,2163,2163,2163,2163,2163,2163,2163,2163,2163,2163,2163,2163,2163,2163,2163,2163,2163,2163,2163,2163,2163,2163,2163,2163,2163,2163,2163,2163,2163,2163,2163,2163,2163,2163,2163,2163,2163,2163,2163,2163,2163,2163,2163,2163,2163,2163,2163,2163,2163,2163,2163,2163,2163,2163,2163,2163,2163,2163,2163,2163,2163,2163,2163,2163,2163,2163,2163,2163,2163,2163,2163,2163,2163,2163,2163,2163,2163,2163,2163,2163,2163,2163,2163,2163,2163,2163,2163,2163,2163,2163,2163,2163,2163,2163,2163,2163,2163,2163,2163,2163,2163,2163,2163,2163,2163,2163,2163,2163,2163,2163,2163,2163,2163,2163,2163,2163,2163,2163,2163,2163,2163,2163,2163,2163,2163,2163,2163,2163,2163,2163,2163,2163,2163,2163,2163,2163,2163,2163,2163,2163,2163,2163,2163,2163,2163,2163,2163,2163,2163,2163,2163,2163,2163,2163,
2163,2163,2163,2163,2163,2163,2163,2163,2163,2163,2163,2163,2163,2163,2163,2163,2163,2163,2163,2163,2163,2163,2163,2163,2163,2163,2163,2163,2163,2163,2163,2163,2163,2163,2163,2163,2163,2163,2163,2163,2163,2163,2163,2163,2163,2163,2163,2163,2163,2163,2163,2163,2163,2163,2163,2163,2163,2163,2163,2163,2163,2163,2163,2163,2163,2163,2163,2163,2163,2163,2163,2163,2163,2163,2163,2163,2163,2163,2163,2163,2163,2163,2163,2163,2163,2163,2163,2163,2163,2163,2163,2163,2163,2163,2163,2163,2163,2163,2163,2163,2163,2163,2163,2163,2163,2163,2163,2163,2163,2163,2163,2163,2163,2163,2163,2163,2163,2163,2163,2163,2163,2163,2163,2163,2163,2163,2163,2163,2163,2163,2163,2163,2163,2163,2163,2163,2163,2163,2163,2163,2163,2163,2163,2163,2163,2163,2163,2163,2163,2163,2163,2163,2163,2163,2163,2163,2163,2163,2163,2163,2163,2163,2163,2163,2163,2163,2163,2163,2163,2163,2163,2163,2163,2163,2163,2163,2163,2163,2163,2163,2163,2163,2163,2163,2163,2163,2163,2163,2163,2163,2163,2163,2163,2163,2163,2163,2163,2163,2163,2163,2163,2163,2163,2163,2163,2163,2163,2163,2163,2163,2163,2163,2163,2163,2163,2163,2163,2163,2163,2163,2163,2163,2163,2163,2163,2163,2163,2163,2163,2163,2163,2163,2163,2163,2163,2163,2163,2163,2163,2163,
2163,2163,2163,2163,2163,2163,2163,2163,2163,2163,2163,2163,2163,2163,2163,2163,2163,2163,2163,2163,2163,2163,2163,2163,2163,2163,2163,2163,2163,2163,2163,2163,2163,2163,2163,2163,2163,2163,2163,2163,2163,2163,2163,2163,2163,2163,2163,2163,2163,2163,2163,2163,2163,2163,2163,2163,2163,2163,2163,2163,2163,2163,2163,2163,2163,2163,2163,2163,2163,2163,2163,2163,2163,2163,2163,2163,2163,2163,2163,2163,2163,2163,2163,2163,2163,2163,2163,2163,2163,2163,2163,2163,2163,2163,2163,2163,2163,2163,2163,2163,2163,2163,2163,2163,2163,2163,2163,2163,2163,2163,2163,2163,2163,2163,2163,2163,2163,2163,2163,2163,2163,2163,2163,2163,2163,2163,2163,2163,2163,2163,2163,2163,2163,2163,2163,2163,2163,2163,2163,2163,2163,2163,2163,2163,2163,2163,2163,2163,2163,2163,2163,2163,2163,2163,2163,2163,2163,2163,2163,2163,2163,2163,2163,2163,2163,2163,2163,2163,2163,2163,2163,2163,2163,2163,2163,2163,2163,2163,2163,2163,2163,2163,2163,2163,2163,2163,2163,2163,2163,2163,2163,2163,2163,2163,2163,2163,2163,2163,2163,2163,2163,2163,2163,2163,2163,2163,2163,2163,2163,2163,2163,2163,2163,2163,2163,2163,2163,2163,2163,2163,2163,2163,2163,2163,2163,2163,2163,2163,2163,2163,2163,2163,2163,2163,2163,2163,2163,2163,2163,2163,
2163,2163,2163,2163,2163,2163,2163,2163,2163,2163,2163,2163,2163,2163,2163,2163,2163,2163,2163,2163,2163,2163,2163,2163,2163,2163,2163,2163,2163,2163,2163,2163,2163,2163,2163,2163,2163,2163,2163,2163,2163,2163,2163,2163,2163,2163,2163,2163,2163,2163,2163,2163,2163,2163,2163,2163,2163,2163,2163,2163,2163,2163,2163,2163,2163,2163,2163,2163,2163,2163,2163,2163,2163,2163,2163,2163,2163,2163,2163,2163,2163,2163,2163,2163,2163,2163,2163,2163,2163,2163,2163,2163,2163,2163,2163,2163,2163,2163,2163,2163,2163,2163,2163,2163,2163,2163,2163,2163,2163,2163,2163,2163,2163,2163,2163,2163,2163,2163,2163,2163,2163,2163,2163,2163,2163,2163,2163,2163,2163,2163,2163,2163,2163,2163,2163,2163,2163,2163,2163,2163,2163,2163,2163,2163,2163,2163,2163,2163,2163,2163,2163,2163,2163,2163,2163,2163,2163,2163,2163,2163,2163,2163,2163,2163,2163,2163,2163,2163,2163,2163,2163,2163,2163,2163,2163,2163,2163,2163,2163,2163,2163,2163,2163,2163,2163,2163,2163,2163,2163,2163,2163,2163,2163,2163,2163,2163,2163,2163,2163,2163,2163,2163,2163,2163,2163,2163,2163,2163,2163,2163,2163,2163,2163,2163,2163,2163,2163,2163,2163,2163,2163,2163,2163,2163,2163,2163,2163,2163,2163,2163,2163,2163,2163,2163,2163,2163,2163,2163,2163,2163,
2163,2163,2163,2163,2163,2163,2163,2163,2163,2163,2163,2163,2163,2163,2163,2163,2163,2163,2163,2163,2163,2163,2163,2163,2163,2163,2163,2163,2163,2163,2163,2163,2163,2163,2163,2163,2163,2163,2163,2163,2163,2163,2163,2163,2163,2163,2163,2163,2163,2163,2163,2163,2163,2163,2163,2163,2163,2163,2163,2163,2163,2163,2163,2163,2163,2163,2163,2163,2163,2163,2163,2163,2163,2163,2163,2163,2163,2163,2163,2163,2163,2163,2163,2163,2163,2163,2163,2163,2163,2163,2163,2163,2163,2163,2163,2163,2163,2163,2163,2163,2163,2163,2163,2163,2163,2163,2163,2163,2163,2163,2163,2163,2163,2163,2163,2163,2163,2163,2163,2163,2163,2163,2163,2163,2163,2163,2163,2163,2163,2163,2163,2163,2163,2163,2163,2163,2163,2163,2163,2163,2163,2163,2163,2163,2163,2163,2163,2163,2163,2163,2163,2163,2163,2163,2163,2163,2163,2163,2163,2163,2163,2163,2163,2163,2163,2163,2163,2163,2163,2163,2163,2163,2163,2163,2163,2163,2163,2163,2163,2163,2163,2163,2163,2163,2163,2163,2163,2163,2163,2163,2163,2163,2163,2163,2163,2163,2163,2163,2163,2163,2163,2163,2163,2163,2163,2163,2163,2163,2163,2163,2163,2163,2163,2163,2163,2163,2163,2163,2163,2163,2163,2163,2163,2163,2163,2163,2163,2163,2163,2163,2163,2163,2163,2163,2163,2163,2163,2163,2163,2163,
2163,2163,2163,2163,2163,2163,2163,2163,2163,2163,2163,2163,2163,2163,2163,2163,2163,2163,2163,2163,2163,2163,2163,2163,2163,2163,2163,2163,2163,2163,2163,2163,2163,2163,2163,2163,2163,2163,2163,2163,2163,2163,2163,2163,2163,2163,2163,2163,2163,2163,2163,2163,2163,2163,2163,2163,2163,2163,2163,2163,2163,2163,2163,2163,2163,2163,2163,2163,2163,2163,2163,2163,2163,2163,2163,2163,2163,2163,2163,2163,2163,2163,2163,2163,2163,2163,2163,2163,2163,2163,2163,2163,2163,2163,2163,2163,2163,2163,2163,2163,2163,2163,2163,2163,2163,2163,2163,2163,2163,2163,2163,2163,2163,2163,2163,2163,2163,2163,2163,2163,2163,2163,2163,2163,2163,2163,2163,2163,2163,2163,2163,2163,2163,2163,2163,2163,2163,2163,2163,2163,2163,2163,2163,2163,2163,2163,2163,2163,2163,2163,2163,2163,2163,2163,2163,2163,2163,2163,2163,2163,2163,2163,2163,2163,2163,2163,2163,2163,2163,2163,2163,2163,2163,2163,2163,2163,2163,2163,2163,2163,2163,2163,2163,2163,2163,2163,2163,2163,2163,2163,2163,2163,2163,2163,2163,2163,2163,2163,2163,2163,2163,2163,2163,2163,2163,2163,2163,2163,2163,2163,2163,2163,2163,2163,2163,2163,2163,2163,2163,2163,2163,2163,2163,2163,2163,2163,2163,2163,2163,2163,2163,2163,2163,2163,2163,2163,2163,2163,2163,2163,
2163,2163,2163,2163,2163,2163,2163,2163,2163,2163,2163,2163,2163,2163,2163,2163,2163,2163,2163,2163,2163,2163,2163,2163,2163,2163,2163,2163,2163,2163,2163,2163,2163,2163,2163,2163,2163,2163,2163,2163,2163,2163,2163,2163,2163,2163,2163,2163,2163,2163,2163,2163,2163,2163,2163,2163,2163,2163,2163,2163,2163,2163,2163,2163,2163,2163,2163,2163,2163,2163,2163,2163,2163,2163,2163,2163,2163,2163,2163,2163,2163,2163,2163,2163,2163,2163,2163,2163,2163,2163,2163,2163,2163,2163,2163,2163,2163,2163,2163,2163,2163,2163,2163,2163,2163,2163,2163,2163,2163,2163,2163,2163,2163,2163,2163,2163,2163,2163,2163,2163,2163,2163,2163,2163,2163,2163,2163,2163,2163,2163,2163,2163,2163,2163,2163,2163,2163,2163,2163,2163,2163,2163,2163,2163,2163,2163,2163,2163,2163,2163,2163,2163,2163,2163,2163,2163,2163,2163,2163,2163,2163,2163,2163,2163,2163,2163,2163,2163,2163,2163,2163,2163,2163,2163,2163,2163,2163,2163,2163,2163,2163,2163,2163,2163,2163,2163,2163,2163,2163,2163,2163,2163,2163,2163,2163,2163,2163,2163,2163,2163,2163,2163,2163,2163,2163,2163,2163,2163,2163,2163,2163,2163,2163,2163,2163,2163,2163,2163,2163,2163,2163,2163,2163,2163,2163,2163,2163,2163,2163,2163,2163,2163,2163,2163,2163,2163,2163,2163,2163,2163,
2163,2163,2163,2163,2163,2163,2163,2163,2163,2163,2163,2163,2163,2163,2163,2163,2163,2163,2163,2163,2163,2163,2163,2163,2163,2163,2163,2163,2163,2163,2163,2163,2163,2163,2163,2163,2163,2163,2163,2163,2163,2163,2163,2163,2163,2163,2163,2163,2163,2163,2163,2163,2163,2163,2163,2163,2163,2163,2163,2163,2163,2163,2163,2163,2163,2163,2163,2163,2163,2163,2163,2163,2163,2163,2163,2163,2163,2163,2163,2163,2163,2163,2163,2163,2163,2163,2163,2163,2163,2163,2163,2163,2163,2163,2163,2163,2163,2163,2163,2163,2163,2163,2163,2163,2163,2163,2163,2163,2163,2163,2163,2163,2163,2163,2163,2163,2163,2163,2163,2163,2163,2163,2163,2163,2163,2163,2163,2163,2163,2163,2163,2163,2163,2163,2163,2163,2163,2163,2163,2163,2163,2163,2163,2163,2163,2163,2163,2163,2163,2163,2163,2163,2163,2163,2163,2163,2163,2163,2163,2163,2163,2163,2163,2163,2163,2163,2163,2163,2163,2163,2163,2163,2163,2163,2163,2163,2163,2163,2163,2163,2163,2163,2163,2163,2163,2163,2163,2163,2163,2163,2163,2163,2163,2163,2163,2163,2163,2163,2163,2163,2163,2163,2163,2163,2163,2163,2163,2163,2163,2163,2163,2163,2163,2163,2163,2163,2163,2163,2163,2163,2163,2163,2163,2163,2163,2163,2163,2163,2163,2163,2163,2163,2163,2163,2163,2163,2163,2163,2163,2163,
2163,2163,2163,2163,2163,2163,2163,2163,2163,2163,2163,2163,2163,2163,2163,2163,2163,2163,2163,2163,2163,2163,2163,2163,2163,2163,2163,2163,2163,2163,2163,2163,2163,2163,2163,2163,2163,2163,2163,2163,2163,2163,2163,2163,2163,2163,2163,2163,2163,2163,2163,2163,2163,2163,2163,2163,2163,2163,2163,2163,2163,2163,2163,2163,2163,2163,2163,2163,2163,2163,2163,2163,2163,2163,2163,2163,2163,2163,2163,2163,2163,2163,2163,2163,2163,2163,2163,2163,2163,2163,2163,2163,2163,2163,2163,2163,2163,2163,2163,2163,2163,2163,2163,2163,2163,2163,2163,2163,2163,2163,2163,2163,2163,2163,2163,2163,2163,2163,2163,2163,2163,2163,2163,2163,2163,2163,2163,2163,2163,2163,2163,2163,2163,2163,2163,2163,2163,2163,2163,2163,2163,2163,2163,2163,2163,2163,2163,2163,2163,2163,2163,2163,2163,2163,2163,2163,2163,2163,2163,2163,2163,2163,2163,2163,2163,2163,2163,2163,2163,2163,2163,2163,2163,2163,2163,2163,2163,2163,2163,2163,2163,2163,2163,2163,2163,2163,2163,2163,2163,2163,2163,2163,2163,2163,2163,2163,2163,2163,2163,2163,2163,2163,2163,2163,2163,2163,2163,2163,2163,2163,2163,2163,2163,2163,2163,2163,2163,2163,2163,2163,2163,2163,2163,2163,2163,2163,2163,2163,2163,2163,2163,2163,2163,2163,2163,2163,2163,2163,2163,2163,
2163,2163,2163,2163,2163,2163,2163,2163,2163,2163,2163,2163,2163,2163,2163,2163,2163,2163,2163,2163,2163,2163,2163,2163,2163,2163,2163,2163,2163,2163,2163,2163,2163,2163,2163,2163,2163,2163,2163,2163,2163,2163,2163,2163,2163,2163,2163,2163,2163,2163,2163,2163,2163,2163,2163,2163,2163,2163,2163,2163,2163,2163,2163,2163,2163,2163,2163,2163,2163,2163,2163,2163,2163,2163,2163,2163,2163,2163,2163,2163,2163,2163,2163,2163,2163,2163,2163,2163,2163,2163,2163,2163,2163,2163,2163,2163,2163,2163,2163,2163,2163,2163,2163,2163,2163,2163,2163,2163,2163,2163,2163,2163,2163,2163,2163,2163,2163,2163,2163,2163,2163,2163,2163,2163,2163,2163,2163,2163,2163,2163,2163,2163,2163,2163,2163,2163,2163,2163,2163,2163,2163,2163,2163,2163,2163,2163,2163,2163,2163,2163,2163,2163,2163,2163,2163,2163,2163,2163,2163,2163,2163,2163,2163,2163,2163,2163,2163,2163,2163,2163,2163,2163,2163,2163,2163,2163,2163,2163,2163,2163,2163,2163,2163,2163,2163,2163,2163,2163,2163,2163,2163,2163,2163,2163,2163,2163,2163,2163,2163,2163,2163,2163,2163,2163,2163,2163,2163,2163,2163,2163,2163,2163,2163,2163,2163,2163,2163,2163,2163,2163,2163,2163,2163,2163,2163,2163,2163,2163,2163,2163,2163,2163,2163,2163,2163,2163,2163,2163,2163,2163,
2163,2163,2163,2163,2163,2163,2163,2163,2163,2163,2163,2163,2163,2163,2163,2163,2163,2163,2163,2163,2163,2163,2163,2163,2163,2163,2163,2163,2163,2163,2163,2163,2163,2163,2163,2163,2163,2163,2163,2163,2163,2163,2163,2163,2163,2163,2163,2163,2163,2163,2163,2163,2163,2163,2163,2163,2163,2163,2163,2163,2163,2163,2163,2163,2163,2163,2163,2163,2163,2163,2163,2163,2163,2163,2163,2163,2163,2163,2163,2163,2163,2163,2163,2163,2163,2163,2163,2163,2163,2163,2163,2163,2163,2163,2163,2163,2163,2163,2163,2163,2163,2163,2163,2163,2163,2163,2163,2163,2163,2163,2163,2163,2163,2163,2163,2163,2163,2163,2163,2163,2163,2163,2163,2163,2163,2163,2163,2163,2163,2163,2163,2163,2163,2163,2163,2163,2163,2163,2163,2163,2163,2163,2163,2163,2163,2163,2163,2163,2163,2163,2163,2163,2163,2163,2163,2163,2163,2163,2163,2163,2163,2163,2163,2163,2163,2163,2163,2163,2163,2163,2163,2163,2163,2163,2163,2163,2163,2163,2163,2163,2163,2163,2163,2163,2163,2163,2163,2163,2163,2163,2163,2163,2163,2163,2163,2163,2163,2163,2163,2163,2163,2163,2163,2163,2163,2163,2163,2163,2163,2163,2163,2163,2163,2163,2163,2163,2163,2163,2163,2163,2163,2163,2163,2163,2163,2163,2163,2163,2163,2163,2163,2163,2163,2163,2163,2163,2163,2163,2163,2163,
2163,2163,2163,2163,2163,2163,2163,2163,2163,2163,2163,2163,2163,2163,2163,2163,2163,2163,2163,2163,2163,2163,2163,2163,2163,2163,2163,2163,2163,2163,2163,2163,2163,2163,2163,2163,2163,2163,2163,2163,2163,2163,2163,2163,2163,2163,2163,2163,2163,2163,2163,2163,2163,2163,2163,2163,2163,2163,2163,2163,2163,2163,2163,2163,2163,2163,2163,2163,2163,2163,2163,2163,2163,2163,2163,2163,2163,2163,2163,2163,2163,2163,2163,2163,2163,2163,2163,2163,2163,2163,2163,2163,2163,2163,2163,2163,2163,2163,2163,2163,2163,2163,2163,2163,2163,2163,2163,2163,2163,2163,2163,2163,2163,2163,2163,2163,2163,2163,2163,2163,2163,2163,2163,2163,2163,2163,2163,2163,2163,2163,2163,2163,2163,2163,2163,2163,2163,2163,2163,2163,2163,2163,2163,2163,2163,2163,2163,2163,2163,2163,2163,2163,2163,2163,2163,2163,2163,2163,2163,2163,2163,2163,2163,2163,2163,2163,2163,2163,2163,2163,2163,2163,2163,2163,2163,2163,2163,2163,2163,2163,2163,2163,2163,2163,2163,2163,2163,2163,2163,2163,2163,2163,2163,2163,2163,2163,2163,2163,2163,2163,2163,2163,2163,2163,2163,2163,2163,2163,2163,2163,2163,2163,2163,2163,2163,2163,2163,2163,2163,2163,2163,2163,2163,2163,2163,2163,2163,2163,2163,2163,2163,2163,2163,2163,2163,2163,2163,2163,2163,2163,
2163,2163,2163,2163,2163,2163,2163,2163,2163,2163,2163,2163,2163,2163,2163,2163,2163,2163,2163,2163,2163,2163,2163,2163,2163,2163,2163,2163,2163,2163,2163,2163,2163,2163,2163,2163,2163,2163,2163,2163,2163,2163,2163,2163,2163,2163,2163,2163,2163,2163,2163,2163,2163,2163,2163,2163,2163,2163,2163,2163,2163,2163,2163,2163,2163,2163,2163,2163,2163,2163,2163,2163,2163,2163,2163,2163,2163,2163,2163,2163,2163,2163,2163,2163,2163,2163,2163,2163,2163,2163,2163,2163,2163,2163,2163,2163,2163,2163,2163,2163,2163,2163,2163,2163,2163,2163,2163,2163,2163,2163,2163,2163,2163,2163,2163,2163,2163,2163,2163,2163,2163,2163,2163,2163,2163,2163,2163,2163,2163,2163,2163,2163,2163,2163,2163,2163,2163,2163,2163,2163,2163,2163,2163,2163,2163,2163,2163,2163,2163,2163,2163,2163,2163,2163,2163,2163,2163,2163,2163,2163,2163,2163,2163,2163,2163,2163,2163,2163,2163,2163,2163,2163,2163,2163,2163,2163,2163,2163,2163,2163,2163,2163,2163,2163,2163,2163,2163,2163,2163,2163,2163,2163,2163,2163,2163,2163,2163,2163,2163,2163,2163,2163,2163,2163,2163,2163,2163,2163,2163,2163,2163,2163,2163,2163,2163,2163,2163,2163,2163,2163,2163,2163,2163,2163,2163,2163,2163,2163,2163,2163,2163,2163,2163,2163,2163,2163,2163,2163,2163,2163
</data>
 </layer>
 <layer name="graphics" width="240" height="30">
  <data encoding="csv">
0,0,0,0,0,0,0,0,0,0,0,0,0,0,0,0,0,0,0,0,0,0,0,0,0,0,0,0,0,0,0,0,0,0,0,0,0,0,0,0,0,0,0,0,0,0,0,0,0,0,0,0,0,0,0,0,0,0,0,0,0,0,0,0,0,0,0,0,0,0,0,0,0,0,0,0,0,0,0,0,0,0,0,0,0,0,0,0,0,0,0,0,0,0,0,0,0,0,0,0,0,0,0,0,0,0,0,0,0,0,0,0,0,0,0,0,0,0,0,0,0,0,0,0,0,0,0,0,0,0,0,0,0,0,0,0,0,0,0,0,0,0,0,0,0,0,0,0,0,0,0,0,0,0,0,0,0,0,0,0,0,0,0,0,0,0,0,0,0,0,0,0,0,0,0,0,0,0,0,0,0,0,0,0,0,0,0,0,0,0,0,0,0,0,0,0,0,0,0,0,0,0,0,0,0,0,0,0,0,0,0,0,0,0,0,0,0,0,0,0,0,0,0,0,0,0,0,0,0,0,0,0,0,0,0,0,0,0,0,0,
0,0,0,0,0,0,0,0,0,0,0,0,0,0,0,0,0,0,0,0,0,0,0,0,0,0,0,0,0,0,0,0,0,0,0,0,0,0,0,0,0,0,0,0,0,0,0,0,0,0,0,0,0,0,0,0,0,0,0,0,0,0,0,0,0,0,0,0,0,0,0,0,0,0,0,0,0,0,0,0,0,0,0,0,0,0,0,0,0,0,0,0,0,0,0,0,0,0,0,0,0,0,0,0,0,0,0,0,0,0,0,0,0,0,0,0,0,0,0,0,0,0,0,0,0,0,0,0,0,0,0,0,0,0,0,0,0,0,0,0,0,0,0,0,0,0,0,0,0,0,0,0,0,0,0,0,0,0,0,0,0,0,0,0,0,0,0,0,0,0,0,0,0,0,0,0,0,0,0,0,0,0,0,0,0,0,0,0,0,0,0,0,0,0,0,0,0,0,0,0,0,0,0,0,0,0,0,0,0,0,0,0,0,0,0,0,0,0,0,0,0,0,0,0,0,0,0,0,0,0,0,0,0,0,0,0,0,0,0,0,
0,0,0,0,0,0,0,0,0,0,0,0,0,0,0,0,0,0,0,0,0,0,0,0,0,0,0,0,0,0,0,0,0,0,0,0,0,0,0,0,0,0,0,0,0,0,0,0,0,0,0,0,0,0,0,0,0,0,0,0,0,0,0,0,0,0,0,0,0,0,0,0,0,0,0,0,0,0,0,0,0,0,0,0,0,0,0,0,0,0,0,0,0,0,0,0,0,0,0,0,0,0,0,0,0,0,0,0,0,0,0,0,0,0,0,0,0,0,0,0,0,0,0,0,0,0,0,0,0,0,0,0,0,0,0,0,0,0,0,0,0,0,0,0,0,0,0,0,0,0,0,0,0,0,0,0,0,0,0,0,0,0,0,0,0,0,0,0,0,0,0,0,0,0,0,0,0,0,0,0,0,0,0,0,0,0,0,0,0,0,0,0,0,0,0,0,0,0,0,0,0,0,0,0,0,0,0,0,0,0,0,0,0,0,0,0,0,0,0,0,0,0,0,0,0,0,0,0,0,0,0,0,0,0,0,0,0,0,0,0,
0,0,0,0,0,0,0,0,0,0,0,0,0,0,0,0,0,0,0,0,0,0,0,0,0,0,0,0,0,0,0,0,0,0,0,0,0,0,0,0,0,0,0,0,0,0,0,0,0,0,0,0,0,0,0,0,0,0,0,0,0,0,0,0,0,0,0,0,0,0,0,0,0,0,0,0,0,0,0,0,0,0,0,0,0,0,0,0,0,0,0,0,0,0,0,0,0,0,0,0,0,0,0,0,0,0,0,0,0,0,0,0,0,0,0,0,0,0,0,0,0,0,0,0,0,0,0,0,0,0,0,0,0,0,0,0,0,0,0,0,0,0,0,0,0,0,0,0,0,0,0,0,0,0,0,0,0,0,0,0,0,0,0,0,0,0,0,0,0,0,0,0,0,0,0,0,0,0,0,0,0,0,0,0,0,0,0,0,0,0,0,0,0,0,0,0,0,0,0,0,0,0,0,0,0,0,0,0,0,0,0,0,0,0,0,0,0,0,0,0,0,0,0,0,0,0,0,0,0,0,0,0,0,0,0,0,0,0,0,0,
0,0,0,0,0,0,0,0,0,0,0,0,0,0,0,0,0,0,0,0,0,0,0,0,0,0,0,0,0,0,0,0,0,0,0,0,0,0,0,0,0,0,0,0,0,0,0,0,0,0,0,0,0,0,0,0,0,0,0,0,0,0,0,0,0,0,0,0,0,0,0,0,0,0,0,0,0,0,0,0,0,0,0,0,0,0,0,0,0,0,0,0,0,0,0,0,0,0,0,0,0,0,0,0,0,0,0,0,0,0,0,0,0,0,0,0,0,0,0,0,0,0,0,0,0,0,0,0,0,0,0,0,0,0,0,0,0,0,0,0,0,0,0,0,0,0,0,0,0,0,0,0,0,0,0,0,0,0,0,0,0,0,0,0,0,0,0,0,0,0,0,0,0,0,0,0,0,0,0,0,0,0,0,0,0,0,0,0,0,0,0,0,0,0,0,0,0,0,0,0,0,0,0,0,0,0,0,0,0,0,0,0,0,0,0,0,0,0,0,0,0,0,0,0,0,0,0,0,0,0,0,0,0,0,0,0,0,0,0,0,
0,0,0,0,0,0,0,0,0,0,0,0,0,0,0,0,0,0,0,0,0,0,0,0,0,0,0,0,0,0,0,0,0,0,0,0,0,0,0,0,0,0,0,0,0,0,0,0,0,0,0,0,0,0,0,0,0,0,0,0,0,0,0,0,0,0,0,0,0,0,0,0,0,0,0,0,0,0,0,0,0,0,0,0,0,0,0,0,0,0,0,0,0,0,0,0,0,0,0,0,0,0,0,0,0,0,0,0,0,0,0,0,0,0,0,0,0,0,0,0,0,0,0,0,0,0,0,0,0,0,0,0,0,0,0,0,0,0,0,0,0,0,0,0,0,0,0,0,0,0,0,0,0,0,0,0,0,0,0,0,0,0,0,0,0,0,0,0,0,0,0,0,0,0,0,0,0,0,0,0,0,0,0,0,0,0,0,0,0,0,0,0,0,0,0,0,0,0,0,0,0,0,0,0,0,0,0,0,0,0,0,0,0,0,0,0,0,0,0,0,0,0,0,0,0,0,0,0,0,0,0,0,0,0,0,0,0,0,0,0,
0,0,0,0,0,0,0,0,0,0,0,0,0,0,0,0,0,0,0,0,0,0,0,0,0,0,0,0,0,0,0,0,0,0,0,0,0,0,0,0,0,0,0,0,0,0,0,0,0,0,0,0,0,0,0,0,0,0,0,0,0,0,0,0,0,0,0,0,0,0,0,0,0,0,0,0,0,0,0,0,0,0,0,0,0,0,0,0,0,0,0,0,0,0,0,0,0,0,0,0,0,0,0,0,0,0,0,0,0,0,0,0,0,0,0,0,0,0,0,0,0,0,0,0,0,0,0,0,0,0,0,0,0,0,0,0,0,0,0,0,0,0,0,0,0,0,0,0,0,0,0,0,0,0,0,0,0,0,0,0,0,0,0,0,0,0,0,0,0,0,0,0,0,0,0,0,0,0,0,0,0,0,0,0,0,0,0,0,0,0,0,0,0,0,0,0,0,0,0,0,0,0,0,0,0,0,0,0,0,0,0,0,0,0,0,0,0,0,0,0,0,0,0,0,0,0,0,0,0,0,0,0,0,0,0,0,0,0,0,0,
0,0,0,0,0,0,0,0,0,0,0,0,0,0,0,0,0,0,0,0,0,0,0,0,0,0,0,0,0,0,0,0,0,0,0,0,0,0,0,0,0,0,0,0,0,0,0,0,0,0,0,0,0,0,0,0,0,0,0,0,0,0,0,0,0,0,0,0,0,0,0,0,0,0,0,0,0,0,0,0,0,0,0,0,0,0,0,0,0,0,0,0,0,0,0,0,0,0,0,0,0,0,0,0,0,0,0,0,0,0,0,0,0,0,0,0,0,0,0,0,0,0,0,0,0,0,0,0,0,0,0,0,0,0,0,0,0,0,0,0,0,0,0,0,0,0,0,0,0,0,0,0,0,0,0,0,0,0,0,0,0,0,0,0,0,0,0,0,0,0,0,0,0,0,0,0,0,0,0,0,0,0,0,0,0,0,0,0,0,0,0,0,0,0,0,0,0,0,0,0,0,0,0,0,0,0,0,0,0,0,0,0,0,0,0,0,0,0,0,0,0,0,0,0,0,0,0,0,0,0,0,0,0,0,0,0,0,0,0,0,
0,0,0,0,0,0,0,0,0,0,0,0,0,0,0,0,0,0,0,0,0,0,0,0,0,0,0,0,0,0,0,0,0,0,0,0,0,0,0,0,0,0,0,0,0,0,0,0,0,0,0,0,0,0,0,0,0,0,0,0,0,0,0,0,0,0,0,0,0,0,0,0,0,0,0,0,0,0,0,0,0,0,0,0,0,0,0,0,0,0,0,0,0,0,0,0,0,0,0,0,0,0,0,0,0,0,0,0,0,0,0,0,0,0,0,0,0,0,0,0,0,0,0,0,0,0,0,0,0,0,0,0,0,0,0,0,0,0,0,0,0,0,0,0,0,0,0,0,0,0,0,0,0,0,0,0,0,0,0,0,0,0,0,0,0,0,0,0,0,0,0,0,0,0,0,0,0,0,0,0,0,0,0,0,0,0,0,0,0,0,0,0,0,0,0,0,0,0,0,0,0,0,0,0,0,0,0,0,0,0,0,0,0,0,0,0,0,0,0,0,0,0,0,0,0,0,0,0,0,0,0,0,0,0,0,0,0,0,0,0,
0,0,0,0,0,0,0,0,0,0,0,0,0,0,0,0,0,0,0,0,0,0,0,0,0,0,0,0,0,0,0,0,0,0,0,0,0,0,0,0,0,0,0,0,0,0,0,0,0,0,0,0,0,0,0,0,0,0,0,0,0,0,0,0,0,0,0,0,0,0,0,0,0,0,0,0,0,0,0,0,0,0,0,0,0,0,0,0,0,0,0,0,0,0,0,0,0,0,0,0,0,0,0,0,0,0,0,0,0,0,0,0,0,0,0,0,0,0,0,0,0,0,0,0,0,0,0,0,0,0,0,0,0,0,0,0,0,0,0,0,0,0,0,0,0,0,0,0,0,0,0,0,0,0,0,0,0,0,0,0,0,0,0,0,0,0,0,0,0,0,0,0,0,0,0,0,0,0,0,0,0,0,0,0,0,0,0,0,0,0,0,0,0,0,0,0,0,0,0,0,0,0,0,0,0,0,0,0,0,0,0,0,0,0,0,0,0,0,0,0,0,0,0,0,0,0,0,0,0,0,0,0,0,0,0,0,0,0,0,0,
0,0,0,0,0,0,0,0,0,0,0,0,0,0,0,0,0,0,0,0,0,0,0,0,0,0,0,0,0,0,0,0,0,0,0,0,0,0,0,0,0,0,0,0,0,0,0,0,0,0,0,0,0,0,0,0,0,0,0,0,0,0,0,0,0,0,0,0,0,0,0,0,0,0,0,0,0,0,0,0,0,0,0,0,0,0,0,0,0,0,0,0,0,0,0,0,0,0,0,0,0,0,0,0,0,0,0,0,0,0,0,0,0,0,0,0,0,0,0,0,0,0,0,0,0,0,0,0,0,0,0,0,0,0,0,0,0,0,0,0,0,0,0,0,0,0,0,0,0,0,0,0,0,0,0,0,0,0,0,0,0,0,0,0,0,0,0,0,0,0,0,0,0,0,0,0,0,0,0,0,0,0,0,0,0,0,0,0,0,0,0,0,0,0,0,0,0,0,0,0,0,0,0,0,0,0,0,0,0,0,0,0,0,0,0,0,0,0,0,0,0,0,0,0,0,0,0,0,0,0,0,0,0,0,0,0,0,0,0,0,
0,0,0,0,0,0,0,0,0,0,0,0,0,0,0,0,0,0,0,0,0,0,0,0,0,0,0,0,0,0,0,0,0,0,0,0,0,0,0,0,0,0,0,0,0,0,0,0,0,0,0,0,0,0,0,0,0,0,0,0,0,0,0,0,0,0,0,0,0,0,0,0,0,0,0,0,0,0,0,0,0,0,0,0,0,0,0,0,0,0,0,0,0,0,0,0,0,0,0,0,0,0,0,0,0,0,0,0,0,0,0,0,0,0,0,0,0,0,0,0,0,0,0,0,0,0,0,0,0,0,0,0,0,0,0,0,0,0,0,0,0,0,0,0,0,0,0,0,0,0,0,0,0,0,0,0,0,0,0,0,0,0,0,0,0,0,0,0,0,0,0,0,0,0,0,0,0,0,0,0,0,0,0,0,0,0,0,0,0,0,0,0,0,0,0,0,0,0,0,0,0,0,0,0,0,0,0,0,0,0,0,0,0,0,0,0,0,0,0,0,0,0,0,0,0,0,0,0,0,0,0,0,0,0,0,0,0,0,0,0,
0,0,0,0,0,0,0,0,0,0,0,0,0,0,0,0,0,0,0,0,0,0,0,0,0,0,0,0,0,0,0,0,0,0,0,0,0,0,0,0,0,0,0,0,0,0,0,0,0,0,0,0,0,0,0,0,0,0,0,0,0,0,0,0,0,0,0,0,0,0,0,0,0,0,0,0,0,0,0,0,0,0,0,0,0,0,0,0,0,0,0,0,0,0,0,0,0,0,0,0,0,0,0,0,0,0,0,0,0,0,0,0,0,0,0,0,0,0,0,0,0,0,0,0,0,0,0,0,0,0,0,0,0,0,0,0,0,0,0,0,0,0,0,0,0,0,0,0,0,0,0,0,0,0,0,0,0,0,0,0,0,0,0,0,0,0,0,0,0,0,0,0,0,0,0,0,0,0,0,0,0,0,0,0,0,0,0,0,0,0,0,0,0,0,0,0,0,0,0,0,0,0,0,0,0,0,0,0,0,0,0,0,0,0,0,0,0,0,0,0,0,0,0,0,0,0,0,0,0,0,0,0,0,0,0,0,0,0,0,0,
0,0,0,0,0,0,0,0,0,0,0,0,0,0,0,0,0,0,0,0,0,0,0,0,0,0,0,0,0,0,0,0,0,0,0,0,0,0,0,0,0,0,0,0,0,0,0,0,0,0,0,0,0,0,0,0,0,0,0,0,0,0,0,0,0,0,0,0,0,0,0,0,0,0,0,0,0,0,0,0,0,0,0,0,0,0,0,0,0,0,0,0,0,0,0,0,0,0,0,0,0,0,0,0,0,0,0,0,0,0,0,0,0,0,0,0,0,0,0,0,0,0,0,0,0,0,0,0,0,0,0,0,0,0,0,0,0,0,0,0,0,0,0,0,0,0,0,0,0,0,0,0,0,0,0,0,0,0,0,0,0,0,0,0,0,0,0,0,0,0,0,0,0,0,0,0,0,0,0,0,0,0,0,0,0,0,0,0,0,0,0,0,0,0,0,0,0,0,0,0,0,0,0,0,0,0,0,0,0,0,0,0,0,0,0,0,0,0,0,0,0,0,0,0,0,0,0,0,0,0,0,0,0,0,0,0,0,0,0,0,
0,0,0,0,0,0,0,0,0,0,0,0,0,0,0,0,0,0,0,0,0,0,0,0,0,0,0,0,0,0,0,0,0,0,0,0,0,0,0,0,0,0,0,0,0,0,0,0,0,0,0,0,0,0,0,0,0,0,0,0,0,0,0,0,0,0,0,0,0,0,0,0,0,0,0,0,0,0,0,0,0,0,0,0,0,0,0,0,0,0,0,0,0,0,0,0,0,0,0,0,0,0,0,0,0,0,0,0,0,0,0,0,0,0,0,0,0,0,0,0,0,0,0,0,0,0,0,0,0,0,0,0,0,0,0,0,0,0,0,0,0,0,0,0,0,0,0,0,0,0,0,0,0,0,0,0,0,0,0,0,0,0,0,0,0,0,0,0,0,0,0,0,0,0,0,0,0,0,0,0,0,0,0,0,0,0,0,0,0,0,0,0,0,0,0,0,0,0,0,0,0,0,0,0,0,0,0,0,0,0,0,0,0,0,0,0,0,0,0,0,0,0,0,0,0,0,0,0,0,0,0,0,0,0,0,0,0,0,0,0,
0,0,0,0,0,0,0,0,0,0,0,0,0,0,0,0,0,0,0,0,0,0,0,0,0,0,0,0,0,0,0,0,0,0,0,0,0,0,0,0,0,0,0,0,0,0,0,0,0,0,0,0,0,0,0,0,0,0,0,0,0,0,0,0,0,0,0,0,0,0,0,0,0,0,0,0,0,0,0,0,0,0,0,0,0,0,0,0,0,0,0,0,0,0,0,0,0,0,0,0,0,0,0,0,0,0,0,0,0,0,0,0,0,0,0,0,0,0,0,0,0,0,0,0,0,0,0,0,0,0,0,0,0,0,0,0,0,0,0,0,0,0,0,0,0,0,0,0,0,0,0,0,0,0,0,0,0,0,0,0,0,0,0,0,0,0,0,0,0,0,0,0,0,0,0,0,0,0,0,0,0,0,0,0,0,0,0,0,0,0,0,0,0,0,0,0,0,0,0,0,0,0,0,0,0,0,0,0,0,0,0,0,0,0,0,0,0,0,0,0,0,0,0,0,0,0,0,0,0,0,0,0,0,0,0,0,0,0,0,0,
0,0,0,0,0,0,0,0,0,0,0,0,0,0,0,0,0,0,0,0,0,0,0,0,0,0,0,0,0,0,0,0,0,0,0,0,0,0,0,0,0,0,0,0,0,0,0,0,0,0,0,0,0,0,0,0,0,0,0,0,0,0,0,0,0,0,0,0,0,0,0,0,0,0,0,0,0,0,0,0,0,0,0,0,0,0,0,0,0,0,0,0,0,0,0,0,0,0,0,0,0,0,0,0,0,0,0,0,0,0,0,0,0,0,0,0,0,0,0,0,0,0,0,0,0,0,0,0,0,0,0,0,0,0,0,0,0,0,0,0,0,0,0,0,0,0,0,0,0,0,0,0,0,0,0,0,0,0,0,0,0,0,0,0,0,0,0,0,0,0,0,0,0,0,0,0,0,0,0,0,0,0,0,0,0,0,0,0,0,0,0,0,0,0,0,0,0,0,0,0,0,0,0,0,0,0,0,0,0,0,0,0,0,0,0,0,0,0,0,0,0,0,0,0,0,0,0,0,0,0,0,0,0,0,0,0,0,0,0,0,
0,0,0,0,0,0,0,0,0,0,0,0,0,0,0,0,0,0,0,0,0,0,0,0,0,0,0,0,0,0,0,0,0,0,0,0,0,0,0,0,0,0,0,0,0,0,0,0,0,0,0,0,0,0,0,0,0,0,0,0,0,0,0,0,0,0,0,0,0,0,0,0,0,0,0,0,0,0,0,0,0,0,0,0,0,0,0,0,0,0,0,0,0,0,0,0,0,0,0,0,0,0,0,0,0,0,0,0,0,0,0,0,0,0,0,0,0,0,0,0,0,0,0,0,0,0,0,0,0,0,0,0,0,0,0,0,0,0,0,0,0,0,0,0,0,0,0,0,0,0,0,0,0,0,0,0,0,0,0,0,0,0,0,0,0,0,0,0,0,0,0,0,0,0,0,0,0,0,0,0,0,0,0,0,0,0,0,0,0,0,0,0,0,0,0,0,0,0,0,0,0,0,0,0,0,0,0,0,0,0,0,0,0,0,0,0,0,0,0,0,0,0,0,0,0,0,0,0,0,0,0,0,0,0,0,0,0,0,0,0,
0,0,0,0,0,0,0,0,0,0,0,0,0,0,0,0,0,0,0,0,0,0,0,0,0,0,0,0,0,0,0,0,0,0,0,0,0,0,0,0,0,0,0,0,0,0,0,0,0,0,0,0,0,0,0,0,0,0,0,0,0,0,0,0,0,0,0,0,0,0,0,0,0,0,0,0,0,0,0,0,0,0,0,0,0,0,0,0,0,0,0,0,0,0,0,0,0,0,0,0,0,0,0,0,0,0,0,0,0,0,0,0,0,0,0,0,0,0,0,0,0,0,0,0,0,0,0,0,0,0,0,0,0,0,0,0,0,0,0,0,0,0,0,0,0,0,0,0,0,0,0,0,0,0,0,0,0,0,0,0,0,0,0,0,0,0,0,0,0,0,0,0,0,0,0,0,0,0,0,0,0,0,0,0,0,0,0,0,0,0,0,0,0,0,0,0,0,0,0,0,0,0,0,0,0,0,0,0,0,0,0,0,0,0,0,0,0,0,0,0,0,0,0,0,0,0,0,0,0,0,0,0,0,0,0,0,0,0,0,0,
0,0,0,0,0,0,0,0,0,0,0,0,0,0,0,0,0,0,0,0,0,0,0,0,0,0,0,0,0,0,0,0,0,0,0,0,0,0,0,0,0,0,0,0,0,0,0,0,0,0,0,0,0,0,0,0,0,0,0,0,0,0,0,0,0,0,0,0,0,0,0,0,0,0,0,0,0,0,0,0,0,0,0,0,0,0,0,0,0,0,0,0,0,0,0,0,0,0,0,0,0,0,0,0,0,0,0,0,0,0,0,0,0,0,0,0,0,0,0,0,0,0,0,0,0,0,0,0,0,0,0,0,0,0,0,0,0,0,0,0,0,0,0,0,0,0,0,0,0,0,0,0,0,0,0,0,0,0,0,0,0,0,0,0,0,0,0,0,0,0,0,0,0,0,0,0,0,0,0,0,0,0,0,0,0,0,0,0,0,0,0,0,0,0,0,0,0,0,0,0,0,0,0,0,0,0,0,0,0,0,0,0,0,0,0,0,0,0,0,0,0,0,0,0,0,0,0,0,0,0,0,0,0,0,0,0,0,0,0,0,
0,0,0,0,0,0,0,0,0,0,0,0,0,0,0,0,0,0,0,0,0,0,0,0,0,0,0,0,0,0,0,0,0,0,0,0,0,0,0,0,0,0,0,0,0,0,0,0,0,0,0,0,0,0,0,0,0,0,0,0,0,0,0,0,0,0,0,0,0,0,0,0,0,0,0,0,0,0,0,0,0,0,0,0,0,0,0,0,0,0,0,0,0,0,0,0,0,0,0,0,0,0,0,0,0,0,0,0,0,0,0,0,0,0,0,0,0,0,0,0,0,0,0,0,0,0,0,0,0,0,0,0,0,0,0,0,0,0,0,0,0,0,0,0,0,0,0,0,0,0,0,0,0,0,0,0,0,0,0,0,0,0,0,0,0,0,0,0,0,0,0,0,0,0,0,0,0,0,0,0,0,0,0,0,0,0,0,0,0,0,0,0,0,0,0,0,0,0,0,0,0,0,0,0,0,0,0,0,0,0,0,0,0,0,0,0,0,0,0,0,0,0,0,0,0,0,0,0,0,0,0,0,0,0,0,0,0,0,0,0,
0,0,0,0,0,0,0,0,0,0,0,0,0,0,0,0,0,0,0,0,0,0,0,0,0,0,0,0,0,0,0,0,0,0,0,0,0,0,0,0,0,0,0,0,0,0,0,0,0,0,0,0,0,0,0,0,0,0,0,0,0,0,0,0,0,0,0,0,0,0,0,0,0,0,0,0,0,0,0,0,0,0,0,0,0,0,0,0,0,0,0,0,0,0,0,0,0,0,0,0,0,0,0,0,0,0,0,0,0,0,0,0,0,0,0,0,0,0,0,0,0,0,0,0,0,0,0,0,0,0,0,0,0,0,0,0,0,0,0,0,0,0,0,0,0,0,0,0,0,0,0,0,0,0,0,0,0,0,0,0,0,0,0,0,0,0,0,0,0,0,0,0,0,0,0,0,0,0,0,0,0,0,0,0,0,0,0,0,0,0,0,0,0,0,0,0,0,0,0,0,0,0,0,0,0,0,0,0,0,0,0,0,0,0,0,0,0,0,0,0,0,0,0,0,0,0,0,0,0,0,0,0,0,0,0,0,0,0,0,0,
0,0,0,0,0,0,0,0,0,0,0,0,0,0,0,0,0,0,0,0,0,0,0,0,0,0,0,0,0,0,0,0,0,0,0,0,0,0,0,0,0,0,0,0,0,0,0,0,0,0,0,0,0,0,0,0,0,0,0,0,0,0,0,0,0,0,0,0,0,0,0,0,0,0,0,0,0,0,0,0,0,0,0,0,0,0,0,0,0,0,0,0,0,0,0,0,0,0,0,0,0,0,0,0,0,0,0,0,0,0,0,0,0,0,0,0,0,0,0,0,0,0,0,0,0,0,0,0,0,0,0,0,0,0,0,0,0,0,0,0,0,0,0,0,0,0,0,0,0,0,0,0,0,0,0,0,0,0,0,0,0,0,0,0,0,0,0,0,0,0,0,0,0,0,0,0,0,0,0,0,0,0,0,0,0,0,0,0,0,0,0,0,0,0,0,0,0,0,0,0,0,0,0,0,0,0,0,0,0,0,0,0,0,0,0,0,0,0,0,0,0,0,0,0,0,0,0,0,0,0,0,0,0,0,0,0,0,0,0,0,
0,0,0,0,0,0,0,0,0,0,0,0,0,0,0,0,0,0,0,0,0,0,0,0,0,0,0,0,0,0,0,0,0,0,0,0,0,0,0,0,0,0,0,0,0,0,0,0,0,0,0,0,0,0,0,0,0,0,0,0,0,0,0,0,0,0,0,0,0,0,0,0,0,0,0,0,0,0,0,0,0,0,0,0,0,0,0,0,0,0,0,0,0,0,0,0,0,0,0,0,0,0,0,0,0,0,0,0,0,0,0,0,0,0,0,0,0,0,0,0,0,0,0,0,0,0,0,0,0,0,0,0,0,0,0,0,0,0,0,0,0,0,0,0,0,0,0,0,0,0,0,0,0,0,0,0,0,0,0,0,0,0,0,0,0,0,0,0,0,0,0,0,0,0,0,0,0,0,0,0,0,0,0,0,0,0,0,0,0,0,0,0,0,0,0,0,0,0,0,0,0,0,0,0,0,0,0,0,0,0,0,0,0,0,0,0,0,0,0,0,0,0,0,0,0,0,0,0,0,0,0,0,0,0,0,0,0,0,0,0,
0,0,0,0,0,0,0,0,0,0,0,0,0,0,0,0,0,0,0,0,0,0,0,0,0,0,0,0,0,0,0,0,0,0,0,0,0,0,0,0,0,0,0,0,0,0,0,0,0,0,0,0,0,0,0,0,0,0,0,0,0,0,0,0,0,0,0,0,0,0,0,0,0,0,0,0,0,0,0,0,0,0,0,0,0,0,0,0,0,0,0,0,0,0,0,0,0,0,0,0,0,0,0,0,0,0,0,0,0,0,0,0,0,0,0,0,0,0,0,0,0,0,0,0,0,0,0,0,0,0,0,0,0,0,0,0,0,0,0,0,0,0,0,0,0,0,0,0,0,0,0,0,0,0,0,0,0,0,0,0,0,0,0,0,0,0,0,0,0,0,0,0,0,0,0,0,0,0,0,0,0,0,0,0,0,0,0,0,0,0,0,0,0,0,0,0,0,0,0,0,0,0,0,0,0,0,0,0,0,0,0,0,0,0,0,0,0,0,0,0,0,0,0,0,0,0,0,0,0,0,0,0,0,0,0,0,0,0,0,0,
1,2,2,2,2,2,2,2,2,2,2,2,2262,2262,2262,2262,2262,2262,2262,2262,2262,2,2,2,2,2,2,2,2,2,2,2,2,2,2,2,2,2,2,2,2,2,2,2,2,2,2,2,2,2,2,2,2,2,2,2,2,2,2,2,2,2,2,2,2,2,2,2,2,0,0,0,0,0,0,0,0,0,0,0,0,0,0,0,0,0,0,0,0,0,0,0,0,0,0,0,0,0,0,0,0,0,0,0,0,0,0,0,0,0,0,0,0,0,0,0,0,0,0,0,0,0,0,0,0,0,0,0,0,0,0,0,0,0,0,0,0,0,0,0,0,0,0,0,0,0,0,0,0,0,0,0,0,0,0,0,0,0,0,0,0,0,0,0,0,0,0,0,0,0,0,0,0,0,0,0,0,0,0,0,0,0,0,0,0,0,0,0,0,0,0,0,0,0,0,0,0,0,0,0,0,0,0,0,0,0,0,0,0,0,0,0,0,0,0,0,0,0,0,0,0,0,0,0,0,0,0,0,0,0,0,0,0,0,0,0,0,0,0,0,
8,3,3,3,3,3,3,3,3,3,3,3,2295,2295,2295,2295,2295,2295,2295,2295,2295,3,3,3,3,3,3,3,3,3,3,3,3,3,3,3,3,3,3,3,3,3,3,3,3,3,3,3,3,3,3,3,3,3,3,3,3,3,3,3,3,3,3,3,3,3,3,3,3,0,0,0,0,0,0,0,0,0,0,0,0,0,0,0,0,0,0,0,0,0,0,0,0,0,0,0,0,0,0,0,0,0,0,0,0,0,0,0,0,0,0,0,0,0,0,0,0,0,0,0,0,0,0,0,0,0,0,0,0,0,0,0,0,0,0,0,0,0,0,0,0,0,0,0,0,0,0,0,0,0,0,0,0,0,0,0,0,0,0,0,0,0,0,0,0,0,0,0,0,0,0,0,0,0,0,0,0,0,0,0,0,0,0,0,0,0,0,0,0,0,0,0,0,0,0,0,0,0,0,0,0,0,0,0,0,0,0,0,0,0,0,0,0,0,0,0,0,0,0,0,0,0,0,0,0,0,0,0,0,0,0,0,0,0,0,0,0,0,0,0,
3,3,3,3,3,3,3,3,3,3,3,3,2295,2295,2295,2295,2295,2295,2295,2295,2295,3,3,3,3,3,3,3,3,3,3,3,3,3,3,3,3,3,3,3,3,3,3,3,3,3,3,3,3,3,3,3,3,3,3,3,3,3,3,3,3,3,3,3,3,3,3,3,3,0,0,0,0,0,0,0,0,0,0,0,0,0,0,0,0,0,0,0,0,0,0,0,0,0,0,0,0,0,0,0,0,0,0,0,0,0,0,0,0,0,0,0,0,0,0,0,0,0,0,0,0,0,0,0,0,0,0,0,0,0,0,0,0,0,0,0,0,0,0,0,0,0,0,0,0,0,0,0,0,0,0,0,0,0,0,0,0,0,0,0,0,0,0,0,0,0,0,0,0,0,0,0,0,0,0,0,0,0,0,0,0,0,0,0,0,0,0,0,0,0,0,0,0,0,0,0,0,0,0,0,0,0,0,0,0,0,0,0,0,0,0,0,0,0,0,0,0,0,0,0,0,0,0,0,0,0,0,0,0,0,0,0,0,0,0,0,0,0,0,0,
3,3,3,3,3,3,3,3,3,3,3,3,2295,2295,2295,2295,2295,2295,2295,2295,2295,3,3,3,3,3,3,3,3,3,3,3,3,3,3,3,3,3,3,3,3,3,3,3,3,3,3,3,3,3,3,3,3,3,3,3,3,3,3,3,3,3,3,3,3,3,3,3,3,0,0,0,0,0,0,0,0,0,0,0,0,0,0,0,0,0,0,0,0,0,0,0,0,0,0,0,0,0,0,0,0,0,0,0,0,0,0,0,0,0,0,0,0,0,0,0,0,0,0,0,0,0,0,0,0,0,0,0,0,0,0,0,0,0,0,0,0,0,0,0,0,0,0,0,0,0,0,0,0,0,0,0,0,0,0,0,0,0,0,0,0,0,0,0,0,0,0,0,0,0,0,0,0,0,0,0,0,0,0,0,0,0,0,0,0,0,0,0,0,0,0,0,0,0,0,0,0,0,0,0,0,0,0,0,0,0,0,0,0,0,0,0,0,0,0,0,0,0,0,0,0,0,0,0,0,0,0,0,0,0,0,0,0,0,0,0,0,0,0,0,
3,3,3,3,3,3,3,3,3,3,3,3,2295,2295,2295,2295,2295,2295,2295,2295,2295,3,3,3,3,3,3,3,3,3,3,3,3,3,3,3,3,3,3,3,3,3,3,3,3,3,3,3,3,3,3,3,3,3,3,3,3,3,3,3,3,3,3,3,3,3,3,3,3,0,0,0,0,0,0,0,0,0,0,0,0,0,0,0,0,0,0,0,0,0,0,0,0,0,0,0,0,0,0,0,0,0,0,0,0,0,0,0,0,0,0,0,0,0,0,0,0,0,0,0,0,0,0,0,0,0,0,0,0,0,0,0,0,0,0,0,0,0,0,0,0,0,0,0,0,0,0,0,0,0,0,0,0,0,0,0,0,0,0,0,0,0,0,0,0,0,0,0,0,0,0,0,0,0,0,0,0,0,0,0,0,0,0,0,0,0,0,0,0,0,0,0,0,0,0,0,0,0,0,0,0,0,0,0,0,0,0,0,0,0,0,0,0,0,0,0,0,0,0,0,0,0,0,0,0,0,0,0,0,0,0,0,0,0,0,0,0,0,0,0
</data>
 </layer>
</map>
